event_id,node_id
726,1520266419
726,1520271148
726,1520271437
726,1520278605
726,1520285277
726,1520285511
726,1520285517
726,1520285604
726,1520285698
726,1520285826
726,1520285910
726,1520286033
726,1520286501
726,1520286767
726,1520286848
726,1520287256
726,1520287437
726,1520287613
726,1520288407
726,1520288424
726,1520289168
726,1520290559
726,1520290720
726,1520290796
726,1520290903
726,1520299130
726,1520299704
726,1520300128
726,1520301101
726,1520301286
726,1520301625
726,1520301674
726,1520301877
726,1520302229
726,1520302423
726,1520303166
726,1520304398
726,1520314164
726,1520314211
726,1520314764
726,1520318527
726,1520318786
726,1520319088
726,1520319303
726,1520319316
726,1520319350
726,1520320858
726,1520321490
726,1520321715
726,1520321825
726,1520321884
726,1520322001
726,1520323277
726,1520333945
726,1520334564
726,1520334867
726,1520335827
726,1520337024
726,1520337187
726,1520360645
726,1520371946
726,1520372265
726,1520373133
726,1520373623
726,1520374330
726,1520374647
726,1520395369
726,1520402691
726,1520402714
726,1520402728
726,1520403038
726,1520403110
726,1520403237
726,1520403602
726,1520403791
726,1520403952
726,1520404251
726,1520404606
726,1520404892
726,1520405003
726,1520405723
726,1520406066
726,1520406110
726,1520406311
726,1520406335
726,1520406556
726,1520406774
726,1520407369
726,1520407509
726,1520407635
726,1520407877
726,1520407899
726,1520408178
726,1520408215
726,1520408628
726,1520408630
726,1520408690
726,1520408937
726,1520409680
726,1520409751
726,1520409944
726,1520410262
726,1520410761
726,1520410830
726,1520410849
726,1520410854
726,1520411404
726,1520411590
726,1520412762
726,1520412894
726,1520413004
726,1520413482
726,1520413633
726,1520413667
726,1520413717
726,1520413776
726,1520414507
726,1520414576
726,1520414589
726,1520414689
726,1520415105
726,1520415736
726,1520416053
726,1520416383
726,1520416412
726,1520416563
726,1520416721
726,1520416922
726,1520416928
726,1520417001
726,1520417030
726,1520417319
726,1520417405
726,1520417520
726,1520417638
726,1520417707
726,1520417715
726,1520417749
726,1520417868
726,1520418102
726,1520418143
726,1520418185
726,1520418231
726,1520418319
726,1520418322
726,1520418419
726,1520418448
726,1520418603
726,1520418719
726,1520419123
726,1520419182
726,1520419687
726,1520419856
726,1520420000
726,1520420151
726,1520420228
726,1520420270
726,1520420478
726,1520420485
726,1520420750
726,1520420802
726,1520421136
726,1520421156
726,1520421666
726,1520421925
726,1520421998
726,1520422338
726,1520422586
726,1520423566
726,1520427412
726,1520427469
726,1520427475
726,1520427552
726,1520428554
726,1520428733
726,1520429065
726,1520429937
726,1520430060
726,1520430096
726,1520430150
726,1520430436
726,1520431658
726,1520431811
726,1520431988
726,1520432115
726,1520432165
726,1520432422
726,1520433788
726,1520434034
726,1520434040
726,1520434054
726,1520434185
726,1520434446
726,1520434455
726,1520434465
726,1520434540
726,1520434633
726,1520434703
726,1520435361
726,1520435653
726,1520435996
726,1520436393
726,1520436458
726,1520436497
726,1520436680
726,1520437007
726,1520437446
726,1520438003
726,1520438369
726,1520438391
726,1520438847
726,1520440211
726,1520440315
726,1520440635
726,1520440638
726,1520440883
726,1520441130
726,1520441336
726,1520441395
726,1520441540
726,1520441558
726,1520441766
726,1520442180
726,1520442639
726,1520443186
726,1520443382
726,1520443617
726,1520444216
726,1520444957
726,1520445112
726,1520449416
726,1520454529
726,1520454592
726,1520454663
726,1520455336
726,1520455447
726,1520455474
726,1520455973
726,1520456080
726,1520456157
726,1520456271
726,1520456275
726,1520456302
726,1520456320
726,1520456614
726,1520456690
726,1520456701
726,1520456766
726,1520456940
726,1520457565
726,1520457616
726,1520457658
726,1520458590
726,1520459168
726,1520459243
726,1520459253
726,1520459538
726,1520459547
726,1520460008
726,1520460061
726,1520460131
726,1520460226
726,1520460508
726,1520460585
726,1520460645
726,1520460847
726,1520460895
726,1520460897
726,1520461239
726,1520461540
726,1520461569
726,1520461600
726,1520461886
726,1520462051
726,1520462297
726,1520462393
726,1520463140
726,1520463323
726,1520463354
726,1520463413
726,1520463554
726,1520463919
726,1520463934
726,1520463950
726,1520464487
726,1520464601
726,1520464911
726,1520465023
726,1520465160
726,1520465182
726,1520465207
726,1520465391
726,1520465436
726,1520465444
726,1520465447
726,1520465481
726,1520465493
726,1520465535
726,1520465695
726,1520466090
726,1520466151
726,1520466207
726,1520466308
726,1520466662
726,1520466862
726,1520466984
726,1520467287
726,1520467290
726,1520467318
726,1520467660
726,1520467684
726,1520467728
726,1520467951
726,1520468155
726,1520468639
726,1520468772
726,1520468918
726,1520469045
726,1520469350
726,1520469465
726,1520469515
726,1520469722
726,1520469850
726,1520469881
726,1520470084
726,1520470251
726,1520470586
726,1520470849
726,1520470894
726,1520471313
726,1520471405
726,1520471474
726,1520471578
726,1520471691
726,1520473533
726,1520473783
726,1520474543
726,1520474816
726,1520474943
726,1520474954
726,1520475803
726,1520476478
726,1520476598
726,1520476832
726,1520477222
726,1520477449
726,1520477608
726,1520478831
726,1520478943
726,1520479169
726,1520479199
726,1520479330
726,1520479456
726,1520479472
726,1520479478
726,1520479540
726,1520479793
726,1520480014
726,1520480022
726,1520480765
726,1520481164
726,1520481265
726,1520481277
726,1520481402
726,1520481430
726,1520481864
726,1520482291
726,1520482512
726,1520483001
726,1520483044
726,1520483097
726,1520483173
726,1520483211
726,1520483269
726,1520483475
726,1520483578
726,1520483669
726,1520483931
726,1520483962
726,1520484095
726,1520484099
726,1520484495
726,1520484518
726,1520484635
726,1520484709
726,1520485053
726,1520485118
726,1520485177
726,1520485295
726,1520485353
726,1520485389
726,1520485917
726,1520485936
726,1520486202
726,1520486206
726,1520486404
726,1520486409
726,1520486561
726,1520486578
726,1520486743
726,1520487036
726,1520487327
726,1520487428
726,1520487624
726,1520487679
726,1520487708
726,1520487751
726,1520487856
726,1520487903
726,1520488037
726,1520488388
726,1520488733
726,1520488960
726,1520489036
726,1520489253
726,1520489475
726,1520489695
726,1520489803
726,1520489825
726,1520489845
726,1520489918
726,1520490161
726,1520490245
726,1520490421
726,1520490547
726,1520490554
726,1520490885
726,1520490887
726,1520490912
726,1520490938
726,1520491292
726,1520491406
726,1520491568
726,1520491739
726,1520491889
726,1520491926
726,1520492025
726,1520492588
726,1520492624
726,1520492687
726,1520492762
726,1520492763
726,1520493297
726,1520493498
726,1520493595
726,1520493862
726,1520493884
726,1520494363
726,1520494544
726,1520494567
726,1520494677
726,1520494712
726,1520494743
726,1520494860
726,1520495173
726,1520495280
726,1520495288
726,1520495580
726,1520496014
726,1520496033
726,1520496070
726,1520496168
726,1520496288
726,1520496384
726,1520496935
726,1520497020
726,1520497191
726,1520497260
726,1520497285
726,1520497527
726,1520497748
726,1520497814
726,1520497913
726,1520498092
726,1520498463
726,1520498557
726,1520498718
726,1520498766
726,1520499078
726,1520499696
726,1520500089
726,1520500344
726,1520500349
726,1520510500
726,1520510562
726,1520510945
726,1520510953
726,1520511102
726,1520511325
726,1520511390
726,1520513310
726,1520513480
726,1520513665
726,1520514977
726,1520515134
726,1520518178
726,1526677958
726,1529824546
726,1529830185
726,1529861718
726,1529923761
726,1529977557
726,1529994685
726,1530053240
726,1530145178
726,1530149668
726,1530164065
726,1530595457
726,1530595500
726,1530610095
726,1530610300
726,1530610316
726,1530610964
726,1530610965
726,1530610979
726,1530619270
726,1530620269
726,1530620289
726,1530624568
726,1530632961
726,1530633117
726,1530635719
726,1530636249
726,1530636410
726,1530637631
726,1530637868
726,1530638233
726,1530639456
726,1530639568
726,1530657279
726,1530660244
726,1530663948
726,1530666037
726,1530669865
726,1530669932
726,1530672404
726,1530677459
726,1530683992
726,1530692526
726,1530694517
726,1530695143
726,1530707518
726,1530714959
726,1530715514
726,1530733348
726,1530742422
726,1530746909
726,1530748741
726,1530751370
726,1530752861
726,1530755588
726,1530757566
726,1530758980
726,1530766244
726,1530766682
726,1530783499
726,1530786290
726,1530788303
726,1530794750
726,1530799740
726,1530800262
726,1530805878
726,1530812108
726,1530816787
726,1530819063
726,1530819851
726,1530822490
726,1530823137
726,1530829722
726,1530830019
726,1530831733
726,1530834723
726,1530834765
726,1530835815
726,1530836632
726,1530837010
726,1530864265
726,1530864811
726,1530873985
726,1530884369
726,1530895606
726,1530903808
726,1530920518
726,1530920923
726,1530931259
726,1530947315
726,1530994064
726,1530995642
726,1530999041
726,1531007448
726,1531008668
726,1531012796
726,1531029629
726,1531035155
726,1531040193
726,1531071353
726,1531072917
726,1531076380
726,1531116708
726,1531143683
726,1531147820
726,1531192338
726,1531198537
726,1531206182
726,1531208806
726,1531221099
726,1531221762
726,1531237397
726,1531247198
726,1531260559
726,1531275422
726,1531297901
726,1531303888
726,1531310009
726,1531320149
726,1531332118
726,1531334706
726,1531337284
726,1531365622
726,1531371279
726,1531374153
726,1531383202
726,1531385623
726,1531385702
726,1531390192
726,1531395532
726,1531396030
726,1531402650
726,1531409129
726,1531409389
726,1531420568
726,1531448005
726,1531459608
726,1531470215
726,1531473770
726,1531493082
726,1531808547
726,1531808590
726,1531809318
726,1532158236
726,1532158258
726,1532159331
726,1532159824
726,1532160763
726,1532871138
726,1532871149
726,1532871265
726,1532871389
726,1532872505
726,1532872526
726,1532989156
726,1534211919
726,1534688289
726,1534688310
726,1534688314
726,1534689337
726,1534689366
726,1534690251
726,1549276433
726,1549276828
726,1549276861
726,1549276954
726,1549278015
726,1549278076
726,1549278159
726,1549279466
726,1549289178
726,1549289463
726,1549295851
726,1549296587
726,1549297315
726,1549298664
726,1549299919
726,1549300059
726,1549301613
726,1549301659
726,1549315084
726,1549315524
726,1549315548
726,1549315862
726,1549318995
726,1549332261
726,1549332554
726,1549332572
726,1549333328
726,1549333506
726,1549333615
726,1549333870
726,1549337591
726,1549341496
726,1549427864
726,1549427889
726,1549427894
726,1549428007
726,1549428112
726,1549428252
726,1549464059
726,1549523788
726,1549523866
726,1549524257
726,1549610965
726,1549706911
726,1549744734
726,1549745258
726,1549751638
726,1549752297
726,1549752952
726,1549758510
726,1549758788
726,1549758889
726,1549758929
726,1549759151
726,1549764905
726,1549771063
726,1549771308
726,1549771558
726,1549771701
726,1549772116
726,1550584796
726,1550585257
726,1550589562
726,1550591935
726,1552897838
726,1553389602
726,1553390282
726,1553396160
726,1553397379
726,1553397615
726,1553397847
726,1553398382
726,1553398435
726,1553398600
726,1553398767
726,1553472094
726,1553472134
726,1553475742
726,1553475855
726,1553476454
726,1553480033
726,1553480100
726,1553480531
726,1553480678
726,1553480748
726,1553480891
726,1553481160
726,1553532017
726,1553533894
726,1553534066
726,1553536380
726,1553536555
726,1553536578
726,1553536789
726,1553536897
726,1553555842
726,1553819493
726,1553819552
726,1553823523
726,1553909187
726,1553933728
726,1553942127
726,1553942290
726,1554004403
726,1554004410
726,1554004774
726,1554004814
726,1554004961
726,1554005030
726,1554005574
726,1554005578
726,1554005731
726,1554005907
726,1554005958
726,1554006134
726,1554036654
726,1554036960
726,1554146401
726,1554146719
726,1554146801
726,1554147409
726,1554151374
726,1554151510
726,1554151664
726,1554151761
726,1554152126
726,1554152375
726,1554152436
726,1554152521
726,1554152594
726,1554152916
726,1554152991
726,1554153028
726,1554153093
726,1554153332
726,1554154001
726,1554154766
726,1554154788
726,1554154931
726,1554155026
726,1554155186
726,1554155201
726,1554155366
726,1554155440
726,1554155502
726,1554155766
726,1554155838
726,1554155864
726,1554155924
726,1554155936
726,1554156033
726,1554156519
726,1554156598
726,1554156673
726,1554156699
726,1554156774
726,1554156845
726,1554156972
726,1554156976
726,1554156995
726,1554157017
726,1554157124
726,1554157140
726,1554157235
726,1554157551
726,1554157847
726,1554158050
726,1554158055
726,1554158211
726,1554158272
726,1554158469
726,1554215053
726,1554430363
726,1556023256
726,1556029769
726,1556083105
726,1556090069
726,1556095189
726,1556102354
726,1556102482
726,1556110942
726,1556111580
726,1556475928
