event_id,node_id
2751,1520277805
2751,1520285967
2751,1520287604
2751,1520288102
2751,1520288453
2751,1520289997
2751,1520301286
2751,1520302920
2751,1520317445
2751,1520318249
2751,1520320936
2751,1520321785
2751,1520322030
2751,1520338317
2751,1520372280
2751,1520395650
2751,1520402843
2751,1520402990
2751,1520403985
2751,1520405514
2751,1520406412
2751,1520406514
2751,1520407586
2751,1520407899
2751,1520408465
2751,1520408849
2751,1520409268
2751,1520410792
2751,1520411320
2751,1520411594
2751,1520412494
2751,1520413443
2751,1520413761
2751,1520414535
2751,1520414843
2751,1520415806
2751,1520416307
2751,1520416308
2751,1520416673
2751,1520416763
2751,1520418947
2751,1520419020
2751,1520422285
2751,1520426246
2751,1520429559
2751,1520431554
2751,1520431888
2751,1520432077
2751,1520432285
2751,1520433181
2751,1520433719
2751,1520434036
2751,1520434216
2751,1520434779
2751,1520435915
2751,1520436343
2751,1520436426
2751,1520440243
2751,1520441130
2751,1520441795
2751,1520442103
2751,1520442381
2751,1520444901
2751,1520455705
2751,1520455773
2751,1520455785
2751,1520455987
2751,1520456908
2751,1520458479
2751,1520458607
2751,1520459459
2751,1520460317
2751,1520460495
2751,1520461227
2751,1520462736
2751,1520462882
2751,1520463259
2751,1520464284
2751,1520465276
2751,1520466662
2751,1520467281
2751,1520470075
2751,1520471482
2751,1520473106
2751,1520474683
2751,1520479616
2751,1520479705
2751,1520481297
2751,1520481672
2751,1520481827
2751,1520481876
2751,1520482233
2751,1520482630
2751,1520482828
2751,1520484290
2751,1520484795
2751,1520485362
2751,1520485772
2751,1520487135
2751,1520487137
2751,1520487785
2751,1520489338
2751,1520489527
2751,1520489588
2751,1520490757
2751,1520493273
2751,1520493813
2751,1520494123
2751,1520495237
2751,1520495688
2751,1520496139
2751,1520496511
2751,1520496521
2751,1520498262
2751,1520498494
2751,1520498536
2751,1520499099
2751,1520499172
2751,1520499441
2751,1520499534
2751,1520511061
2751,1520511085
2751,1520511165
2751,1526678084
2751,1526678256
2751,1530163647
2751,1530594146
2751,1530594152
2751,1530607484
2751,1530607873
2751,1530610316
2751,1530634736
2751,1530635610
2751,1530682649
2751,1530702387
2751,1530725149
2751,1530729728
2751,1530732480
2751,1530749715
2751,1530780533
2751,1530781442
2751,1530800435
2751,1530884981
2751,1530890228
2751,1530891724
2751,1530915763
2751,1530983474
2751,1530985154
2751,1531057062
2751,1531104189
2751,1531108557
2751,1531172396
2751,1531177014
2751,1531260491
2751,1531281847
2751,1531303554
2751,1531372263
2751,1531500995
2751,1532090030
2751,1532158276
2751,1532159329
2751,1532989389
2751,1534688482
2751,1549276799
2751,1549296232
2751,1549300190
2751,1549333745
2751,1549338614
2751,1549341270
2751,1549341658
2751,1549341677
2751,1549764663
2751,1550589567
2751,1553395980
2751,1553397074
2751,1553408380
2751,1553470441
2751,1553475617
2751,1553480227
2751,1553480564
2751,1553480693
2751,1553480970
2751,1553533602
2751,1553533705
2751,1553536609
2751,1553536622
2751,1553536836
2751,1554004783
2751,1554005800
2751,1554006022
2751,1554036851
2751,1554036886
2751,1554036910
2751,1554036979
2751,1554146938
2751,1554152916
2751,1554153046
2751,1554153112
2751,1554154228
2751,1554156040
2751,1554156703
2751,1554156867
2751,1554157159
2751,1554158109
2751,1554474977
2751,1554829118
2751,1555295098
2751,1556027523
2751,1556103172
2751,1556111552
